2.442574054002761841e-01
2.404514700174331665e-01
2.366412431001663208e-01
2.328276038169860840e-01
2.290117591619491577e-01
2.251940518617630005e-01
2.213753908872604370e-01
2.175564765930175781e-01
2.137386202812194824e-01
2.099218964576721191e-01
2.061077803373336792e-01
2.022968977689743042e-01
1.984900385141372681e-01
1.946883350610733032e-01
1.908924132585525513e-01
1.871033012866973877e-01
1.833219975233078003e-01
1.795493215322494507e-01
1.757862865924835205e-01
1.720337271690368652e-01
1.682926863431930542e-01
1.645640432834625244e-01
1.608491390943527222e-01
1.571483165025711060e-01
1.534631699323654175e-01
1.497943550348281860e-01
1.461429595947265625e-01
1.425100266933441162e-01
1.388964802026748657e-01
1.353034079074859619e-01
1.317318975925445557e-01
1.281828582286834717e-01
1.246573552489280701e-01
1.211564540863037109e-01
1.176811978220939636e-01
1.142325848340988159e-01
1.108116284012794495e-01
1.074194759130477905e-01
1.040569841861724854e-01
1.007255315780639648e-01
9.742562472820281982e-02
9.415862709283828735e-02
9.092564135789871216e-02
8.772751688957214355e-02
8.456545323133468628e-02
8.144037425518035889e-02
7.835308462381362915e-02
7.530493289232254028e-02
7.229668647050857544e-02
6.932940334081649780e-02
6.640419363975524902e-02
6.352183222770690918e-02
6.068351864814758301e-02
5.788999050855636597e-02
5.514232069253921509e-02
5.244147032499313354e-02
4.978841543197631836e-02
4.718367755413055420e-02
4.462860897183418274e-02
4.212399199604988098e-02
3.967060148715972900e-02
3.726942837238311768e-02
3.492113575339317322e-02
3.262680023908615112e-02
3.038711845874786377e-02
2.820286154747009277e-02
2.607502415776252747e-02
2.400400489568710327e-02
2.199086546897888184e-02
2.003613114356994629e-02
1.814063452184200287e-02
1.630513370037078857e-02
1.453024707734584808e-02
1.281666569411754608e-02
1.116485707461833954e-02
9.575655683875083923e-03
8.049328811466693878e-03
6.586858537048101425e-03
5.188582465052604675e-03
3.854911308735609055e-03
2.586582442745566368e-03
1.383899711072444916e-03
2.476125955581665039e-04
-8.223651093430817127e-04
-1.825196552090346813e-03
-2.760597039014101028e-03
-3.628267906606197357e-03
-4.428015090525150299e-03
-5.159406922757625580e-03
-5.822041537612676620e-03
-6.415845360606908798e-03
-6.940640974789857864e-03
-7.396011613309383392e-03
-7.782123517245054245e-03
-8.098484948277473450e-03
-8.345380425453186035e-03
-8.522318676114082336e-03
-8.629584684967994690e-03
-8.667028509080410004e-03
-8.634740486741065979e-03
-8.532704785466194153e-03
-8.360936306416988373e-03
-8.119687438011169434e-03
-7.809003349393606186e-03
-7.429135031998157501e-03
-6.980216596275568008e-03
-6.462528835982084274e-03
-5.876339506357908249e-03
-5.221975035965442657e-03
-4.499703180044889450e-03
-3.709954908117651939e-03
-2.853013342246413231e-03
-1.929489313624799252e-03
-9.397712419740855694e-04
1.157075166702270508e-04
1.236363663338124752e-03
2.421657554805278778e-03
3.670914331451058388e-03
4.983607213944196701e-03
6.358984857797622681e-03
7.796382997184991837e-03
9.295181371271610260e-03
1.085448823869228363e-02
1.247356180101633072e-02
1.415158249437808990e-02
1.588768139481544495e-02
1.768102310597896576e-02
1.953067258000373840e-02
2.143568731844425201e-02
2.339508384466171265e-02
2.540786564350128174e-02
2.747309207916259766e-02
2.958961017429828644e-02
3.175636008381843567e-02
3.397228196263313293e-02
3.623617812991142273e-02
3.854693099856376648e-02
4.090333729982376099e-02
4.330427199602127075e-02
4.574836045503616333e-02
4.823457077145576477e-02
5.076145380735397339e-02
5.332781001925468445e-02
5.593226104974746704e-02
5.857355147600173950e-02
6.125036254525184631e-02
6.396134197711944580e-02
6.670501828193664551e-02
6.948024034500122070e-02
7.228534668684005737e-02
7.511914521455764771e-02
7.798004150390625000e-02
8.086670935153961182e-02
8.377783000469207764e-02
8.671186119318008423e-02
8.966735750436782837e-02
9.264291077852249146e-02
9.563715010881423950e-02
9.864848107099533081e-02
1.016755625605583191e-01
1.047169789671897888e-01
1.077712252736091614e-01
1.108369156718254089e-01
1.139126196503639221e-01
1.169968992471694946e-01
1.200884133577346802e-01
1.231856569647789001e-01
1.262872964143753052e-01
1.293919384479522705e-01
1.324982047080993652e-01
1.356047391891479492e-01
1.387102752923965454e-01
1.418135017156600952e-01
1.449130028486251831e-01
1.480074971914291382e-01
1.510957479476928711e-01
1.541766226291656494e-01
1.572486609220504761e-01
1.603107601404190063e-01
1.633618324995040894e-01
1.664005666971206665e-01
1.694258302450180054e-01
1.724366694688796997e-01
1.754317730665206909e-01
1.784102767705917358e-01
1.813709586858749390e-01
1.843128949403762817e-01
1.872350275516510010e-01
1.901365220546722412e-01
1.930163502693176270e-01
1.958734691143035889e-01
1.987072378396987915e-01
2.015168219804763794e-01
2.043010741472244263e-01
2.070593982934951782e-01
2.097911387681961060e-01
2.124954611063003540e-01
2.151715308427810669e-01
2.178187668323516846e-01
2.204365432262420654e-01
