-5.000000000000000000e-01
-4.949748743718592747e-01
-4.899497487437186050e-01
-4.849246231155778797e-01
-4.798994974874372099e-01
-4.748743718592964846e-01
-4.698492462311557594e-01
-4.648241206030150896e-01
-4.597989949748743643e-01
-4.547738693467336946e-01
-4.497487437185929693e-01
-4.447236180904522440e-01
-4.396984924623115742e-01
-4.346733668341708490e-01
-4.296482412060301792e-01
-4.246231155778894539e-01
-4.195979899497487287e-01
-4.145728643216080589e-01
-4.095477386934673336e-01
-4.045226130653266639e-01
-3.994974874371859386e-01
-3.944723618090452133e-01
-3.894472361809044880e-01
-3.844221105527638183e-01
-3.793969849246231485e-01
-3.743718592964824232e-01
-3.693467336683416979e-01
-3.643216080402009727e-01
-3.592964824120603029e-01
-3.542713567839196331e-01
-3.492462311557789079e-01
-3.442211055276381826e-01
-3.391959798994974573e-01
-3.341708542713567875e-01
-3.291457286432161178e-01
-3.241206030150753925e-01
-3.190954773869346672e-01
-3.140703517587939420e-01
-3.090452261306532722e-01
-3.040201005025125469e-01
-2.989949748743718771e-01
-2.939698492462311519e-01
-2.889447236180904266e-01
-2.839195979899497568e-01
-2.788944723618090316e-01
-2.738693467336683618e-01
-2.688442211055276365e-01
-2.638190954773869112e-01
-2.587939698492462415e-01
-2.537688442211055162e-01
-2.487437185929648464e-01
-2.437185929648241212e-01
-2.386934673366833959e-01
-2.336683417085427261e-01
-2.286432160804020008e-01
-2.236180904522612756e-01
-2.185929648241206058e-01
-2.135678391959798805e-01
-2.085427135678392108e-01
-2.035175879396984855e-01
-1.984924623115577602e-01
-1.934673366834170904e-01
-1.884422110552763652e-01
-1.834170854271356954e-01
-1.783919597989949701e-01
-1.733668341708542449e-01
-1.683417085427135751e-01
-1.633165829145728498e-01
-1.582914572864321801e-01
-1.532663316582914548e-01
-1.482412060301507295e-01
-1.432160804020100597e-01
-1.381909547738693345e-01
-1.331658291457286647e-01
-1.281407035175879394e-01
-1.231155778894472141e-01
-1.180904522613065444e-01
-1.130653266331658191e-01
-1.080402010050250938e-01
-1.030150753768844241e-01
-9.798994974874369879e-02
-9.296482412060302902e-02
-8.793969849246230375e-02
-8.291457286432157847e-02
-7.788944723618090871e-02
-7.286432160804018343e-02
-6.783919597989951367e-02
-6.281407035175878839e-02
-5.778894472361806312e-02
-5.276381909547739335e-02
-4.773869346733666807e-02
-4.271356783919599831e-02
-3.768844221105527303e-02
-3.266331658291454776e-02
-2.763819095477387799e-02
-2.261306532663315272e-02
-1.758793969849248295e-02
-1.256281407035175768e-02
-7.537688442211032402e-03
-2.512562814070362638e-03
2.512562814070307127e-03
7.537688442211032402e-03
1.256281407035175768e-02
1.758793969849248295e-02
2.261306532663320823e-02
2.763819095477382248e-02
3.266331658291454776e-02
3.768844221105527303e-02
4.271356783919599831e-02
4.773869346733672359e-02
5.276381909547744886e-02
5.778894472361806312e-02
6.281407035175878839e-02
6.783919597989951367e-02
7.286432160804023894e-02
7.788944723618096422e-02
8.291457286432157847e-02
8.793969849246230375e-02
9.296482412060302902e-02
9.798994974874375430e-02
1.030150753768844796e-01
1.080402010050250938e-01
1.130653266331658191e-01
1.180904522613065444e-01
1.231155778894472697e-01
1.281407035175879949e-01
1.331658291457286092e-01
1.381909547738693345e-01
1.432160804020100597e-01
1.482412060301507850e-01
1.532663316582915103e-01
1.582914572864321245e-01
1.633165829145728498e-01
1.683417085427135751e-01
1.733668341708543004e-01
1.783919597989950256e-01
1.834170854271356399e-01
1.884422110552763652e-01
1.934673366834170904e-01
1.984924623115578157e-01
2.035175879396985410e-01
2.085427135678391553e-01
2.135678391959798805e-01
2.185929648241206058e-01
2.236180904522613311e-01
2.286432160804020564e-01
2.336683417085426706e-01
2.386934673366833959e-01
2.437185929648241212e-01
2.487437185929648464e-01
2.537688442211055717e-01
2.587939698492462970e-01
2.638190954773869112e-01
2.688442211055276365e-01
2.738693467336683618e-01
2.788944723618090871e-01
2.839195979899498123e-01
2.889447236180904266e-01
2.939698492462311519e-01
2.989949748743718771e-01
3.040201005025126024e-01
3.090452261306533277e-01
3.140703517587939420e-01
3.190954773869346672e-01
3.241206030150753925e-01
3.291457286432161178e-01
3.341708542713568431e-01
3.391959798994974573e-01
3.442211055276381826e-01
3.492462311557789079e-01
3.542713567839196331e-01
3.592964824120603584e-01
3.643216080402009727e-01
3.693467336683416979e-01
3.743718592964824232e-01
3.793969849246231485e-01
3.844221105527638738e-01
3.894472361809044880e-01
3.944723618090452133e-01
3.994974874371859386e-01
4.045226130653266639e-01
4.095477386934673891e-01
4.145728643216080034e-01
4.195979899497487287e-01
4.246231155778894539e-01
4.296482412060301792e-01
4.346733668341709045e-01
4.396984924623115187e-01
4.447236180904522440e-01
4.497487437185929693e-01
4.547738693467336946e-01
4.597989949748744198e-01
4.648241206030150341e-01
4.698492462311557594e-01
4.748743718592964846e-01
4.798994974874372099e-01
4.849246231155779352e-01
4.899497487437186605e-01
4.949748743718592747e-01
5.000000000000000000e-01
