2.452875481855490147e-01
2.600205690621351096e-01
2.373585987494991612e-01
2.264142331817212694e-01
2.305290111971252387e-01
2.607978279899641483e-01
2.295130944260845574e-01
2.123859947628221612e-01
2.255374660655999619e-01
2.200354456843454931e-01
2.172914533253847702e-01
1.822409829670541825e-01
2.231732040713768628e-01
1.491749000685475002e-01
1.836478622841070385e-01
1.993299935044642035e-01
1.922253454463965783e-01
1.948763624305321907e-01
1.860148778850598539e-01
1.681358661011836675e-01
1.348685978168027710e-01
1.660311664417430388e-01
1.671878760667801500e-01
1.686396906970240583e-01
1.501382316992273813e-01
1.398267015703351657e-01
1.379793120809767459e-01
1.518379679370513435e-01
1.400098241805747823e-01
1.371874995460147795e-01
1.091800833113607677e-01
8.440464151292381700e-02
1.026013298724797185e-01
7.089686607743606039e-02
7.877549868636206376e-02
1.117699198331930099e-01
6.954828538695512208e-02
6.262592949246249818e-02
7.784704383911096592e-02
8.494318686380053496e-02
1.131248792989694441e-01
9.525061951431107454e-02
8.830760186986144622e-02
9.484020274218638025e-02
1.075405497401511618e-01
6.722464187939228286e-02
8.585194759446782009e-02
7.228108096590513121e-02
8.204966488139080194e-02
1.111519233367275483e-01
3.734802031026054903e-02
7.091250424234478433e-02
2.868889888767391788e-02
6.398651715058856215e-02
2.859379581632088413e-02
7.634936345169537897e-02
4.469899257141202870e-02
5.676199186721200135e-02
1.214012157335724734e-02
2.800774637721363536e-02
3.687023790160157133e-02
7.175959129669376435e-02
3.701186120781405769e-02
2.023230546255177370e-02
1.857855707042323917e-02
6.632829365341168237e-02
4.204846985837221163e-02
4.032043253795547511e-02
4.519247502240164582e-02
4.701048491251629685e-02
3.195443863017550373e-02
1.138330756630585167e-02
2.884752028089263703e-02
2.418179800248361142e-02
3.349850871762118099e-02
2.179020299086605050e-02
8.995459255171749102e-03
-2.057447570715893737e-02
-1.037935214375598769e-02
1.062688154374963855e-02
-2.542159819809299004e-03
3.999059584585943489e-02
-1.143745483615520725e-02
-2.799993473449184991e-03
3.263659179230766344e-02
1.832857793595489039e-03
7.751137140269174705e-03
-3.835151310805119673e-04
-3.030000682348477341e-03
-9.418383853446359380e-03
-8.026951430190448419e-03
1.193246876715980433e-02
-1.558272210498773055e-02
-4.293789995380081770e-02
-1.170200893114034524e-02
-1.705715029360749518e-03
-6.564315119160734485e-03
1.315641825259437035e-02
3.102261895612332815e-02
1.285029090141497077e-02
1.538023092136730705e-02
4.847782841667617332e-02
-1.375331638010679480e-02
3.108832152690023387e-02
-8.982214840214693477e-03
-1.307027058315907500e-02
3.199104328442106682e-02
3.958077042436971421e-03
-2.880520048911169514e-03
3.949722955534018358e-03
5.096543640266679165e-02
9.624319332290113063e-03
-2.812455191291634606e-03
8.348063921820249658e-03
-4.551179500696918637e-04
3.068368507507199944e-02
1.578007316606878929e-02
9.002615580666221973e-03
2.255587029599836341e-02
-1.728855271606117433e-03
-1.299817900491228445e-03
3.096739001897734142e-02
5.682207503072690680e-02
1.523818671491858345e-05
5.283631866393772442e-02
-9.331906822930877143e-03
6.559974417419043441e-03
4.065500743621277419e-02
3.206270254018557531e-02
-2.340966140919999855e-02
-6.802141065206230436e-03
3.348120502108729857e-02
2.448720655611201502e-02
5.423333152799088286e-02
4.311522607465104184e-03
3.341524968048528027e-02
1.756635503908998003e-02
5.965663474055214743e-02
3.467273271286642339e-02
2.250788709346587466e-02
1.968349113796400221e-02
-4.048735667007391514e-03
1.954979589739909776e-02
2.404927152266908563e-02
1.602932637514689618e-02
3.356326165168262154e-02
6.522431187968780186e-02
6.386016371152801463e-02
3.724800323143486608e-02
4.656338026761214222e-02
1.821360027874979054e-02
5.634816241814128573e-02
7.053919273143426094e-02
4.939970462779070398e-02
1.022174614183544716e-01
6.693618525619739190e-02
9.781055484002146305e-02
8.012954833503563301e-02
9.260454301318964132e-02
9.588553300420944725e-02
9.742049120705316423e-02
8.900772961796121763e-02
1.355257442118315281e-01
9.497275087001459670e-02
1.318311595378383050e-01
1.222407685559301765e-01
1.094620602471227527e-01
1.152851196762764985e-01
8.816741576089631716e-02
1.118865679811284625e-01
1.089822523993237424e-01
1.303501895204843830e-01
1.179307242894324925e-01
1.515060831409491826e-01
1.717904879480963154e-01
1.319168484478086267e-01
1.688097801819767318e-01
1.519395072425241411e-01
1.326598820925478373e-01
1.802274809055591509e-01
1.339413756696289648e-01
1.820490191598442831e-01
2.013303716796144838e-01
2.103473259590596112e-01
2.087965555149201846e-01
1.749835124344961967e-01
1.773406317872162630e-01
1.521224566836064107e-01
2.359458356521679789e-01
2.220333673711631650e-01
1.981256664719597826e-01
1.942234410926912125e-01
2.312111180281770928e-01
2.315637791823978719e-01
2.443254258088333741e-01
2.031755801439178721e-01
2.547469575592896662e-01
2.294730589166563695e-01
2.380604972408370545e-01
2.386102058018228222e-01
